1901.000000 3727112187535567015
1021.000000 8437251864566434596
512.000000 4774454769039946422
2870.000000 6317479725899137238
393.000000 8833082619687634618
1780.000000 9256635041256198138
2030.000000 8289086587906204268
1867.000000 2204567595132800614
269.000000 1913019385006264742
3153.000000 6016379427396152227
1218.000000 7899245046788811917
387.000000 2031408471478287998
2775.000000 7090541094319479157
2937.000000 6644329683973298544
1681.000000 6449915778259284523
2505.000000 2865353049009384449
1984.000000 2101306364735782529
1276.000000 1223494033334314437
1944.000000 5892289790525156557
1606.000000 3798378871153352537
2268.000000 7829395436038856955
154.000000 9028276333225725029
1639.000000 5883149860700347035
906.000000 6517931063545516574
3070.000000 7117484625944229812
1101.000000 7991011961977346607
429.000000 2603790079115583703
954.000000 9403253158581111532
1442.000000 5744066719441261278
2694.000000 5698690989209494898
1468.000000 3347700948430330891
470.000000 3673558594853354002
655.000000 9633109261542429591
2990.000000 4188649433673323163
577.000000 3278098571311541076
1648.000000 8033296155040089019
820.000000 9851020849330529958
2322.000000 1360346286055926361
2072.000000 2862280213244349836
344.000000 7082594018748272926
1835.000000 3258027179814673489
1870.000000 6843968373874104631
2868.000000 5037167060458178744
1594.000000 4617608419804325119
1389.000000 6395652712879095231
1601.000000 6925115582412845199
2295.000000 9275829976707402868
55.000000 8943461175862526129
2316.000000 3610280968101458164
2800.000000 7851838970757394452
1462.000000 4598715162445546572
192.000000 3399561810273993388
1181.000000 2194096937619173409
2387.000000 1927477784368382842
288.000000 2931960847140918683
2006.000000 6393029934020685956
2679.000000 2175484023260654855
629.000000 6786348921282228756
398.000000 7698253124512904834
912.000000 8342666068978418109
130.000000 5781482207689906006
2899.000000 1018594967859059199
3012.000000 6538947715517697631
2412.000000 7095380883898378445
284.000000 5771048597231472871
1028.000000 9773456984003558896
2958.000000 7268849076265939253
2119.000000 1411388021046723619
118.000000 6228710870023450848
1263.000000 2154156582386382610
939.000000 6665078994803810105
1204.000000 1568038407049532096
1108.000000 8815861198228465537
484.000000 1714287763473664781
2827.000000 6138026209917716679
1251.000000 2731168220843666672
349.000000 4143436656148421279
1612.000000 2684699010741461162
2076.000000 7246396600815173744
660.000000 1068466573605963320
1693.000000 1082483214998592303
77.000000 2691320486308931298
484.000000 5080790500006190161
2219.000000 4383946547956873650
1922.000000 1774920811279480640
2073.000000 6523722072283601285
3124.000000 9091327932415976897
753.000000 8467959813790799009
1791.000000 3276694984616407554
114.000000 2039191905778907050
118.000000 7009987886918154025
393.000000 8447041222398815116
1794.000000 8012357220779069537
967.000000 6985564645568597955
1876.000000 9995493591393048887
3052.000000 4817664221598798823
1855.000000 4806158543187280077
762.000000 1678706138121034416
489.000000 9513998893633399042
1612.000000 4534580441933087597
2474.000000 3244542660484737431
740.000000 3708919855942387968
3231.000000 8135327102486562622
2016.000000 9644942597216714899
18.000000 5398471072957361011
1600.000000 7347325134308808483
382.000000 7784404036117410102
1197.000000 4779454365666180192
1532.000000 9789501932663160268
1640.000000 5105381606516751202
2044.000000 2861017396779219338
3182.000000 1371796298941598407
2425.000000 5565061922046345045
1226.000000 7347796283370943389
1129.000000 9900338018696583528
531.000000 3460730965797759388
1498.000000 2520473274820300687
2423.000000 2285393486836419033
43.000000 5122874130064594404
2491.000000 1403357702502110106
1585.000000 2073780596899619658
836.000000 3029772722492747782
1034.000000 7791329029101766792
2873.000000 6963938920809278273
1447.000000 7918338232197301817
1078.000000 2623828631366063791
2679.000000 2959077031635373034
1825.000000 1691221199676282068
2574.000000 4004394907595011547
474.000000 4477911249431761058
790.000000 1373964853751567688
701.000000 4667602559824012293
472.000000 2566702910910286882
1938.000000 6741294436510231685
173.000000 8455942949635606739
2290.000000 9292120305600984288
494.000000 4813584783823583460
604.000000 1360159953400601864
2589.000000 7376116187591959169
329.000000 2892725891472280326
1905.000000 3803703764967526986
119.000000 4227905694701138922
108.000000 2160049467449284666
2340.000000 8401568783469251859
465.000000 6775168231941841114
589.000000 6748062126228003131
1922.000000 9794688892029056801
182.000000 7939668910390397108
1238.000000 7341849528438058814
2057.000000 1831631841357524862
1173.000000 7202374482378081116
232.000000 8057007308100858628
777.000000 6760695695648789927
1947.000000 1673501280933650633
2178.000000 4081027655904825413
2349.000000 7225297859541995727
1735.000000 9817161428569796162
334.000000 7626020808688832921
2748.000000 5287305705586532533
2748.000000 7952117246678780592
1144.000000 7150167624885660045
1560.000000 6326210465347558110
1890.000000 4950319648864165632
1397.000000 9524448122391279645
2814.000000 9851926123181096953
941.000000 5291385173614290563
2457.000000 4854379374576842015
766.000000 6911176682221506727
1034.000000 5673389844513837446
2774.000000 9347458194241130204
1577.000000 7074078449411331497
2626.000000 8278495006356085273
807.000000 2344272136910283929
1558.000000 9463004391549632533
593.000000 4215426218427668161
3237.000000 1059855099499195672
56.000000 2898697485275044616
1949.000000 8167348161945092361
2262.000000 7628172539872526342
2582.000000 1953506815560790787
1411.000000 6300819129788287609
217.000000 9760799406865191070
452.000000 6622396466220722250
821.000000 5727485501928916075
2830.000000 5515426131878577268
1803.000000 7620104707605927030
1462.000000 7139245805862614478
1497.000000 4237224842197158469
1699.000000 1523293971101144578
2634.000000 7783327193829739094
2271.000000 3102454714904437052
2542.000000 8373520667962149201
570.000000 4708830276056972862
103.000000 6693300886655627211
3226.000000 9457518759421342028
2548.000000 8277722195891858259
3046.000000 9635112757077247328
2267.000000 6615993033819063091
131.000000 8383215684507589549
1726.000000 1802246487146432353
3081.000000 6359147803312888547
1147.000000 5144544420012724652
80.000000 5945255027264376326
1778.000000 1617553968341268570
1095.000000 8645290752795624548
1061.000000 2825643755872960810
356.000000 2401023677026591754
3133.000000 9589493220153045528
660.000000 8186648922743925895
1738.000000 8671679034602743941
322.000000 7370017980591933454
3126.000000 3391230435950370318
746.000000 4867676376888201600
365.000000 6170290030246803515
2452.000000 9277391133951466577
2394.000000 2111645126612272477
605.000000 9416040126346759747
3031.000000 8923594488435871730
779.000000 9521641239936493213
966.000000 5477222699637368091
17.000000 3959206604166108764
1639.000000 6524193342756493823
2531.000000 4006421435442787113
3184.000000 6208249553612693879
2146.000000 6087555883235539918
1803.000000 1967447755531887938
2557.000000 7025872665157291997
3108.000000 5309431755327314494
1706.000000 2959238579902139332
2081.000000 4839028879422750503
2211.000000 3297381060154317943
2302.000000 2103087253713616390
1761.000000 8389034361570540481
220.000000 9181382022004731662
2123.000000 9909872532594009197
2164.000000 5252552139381558016
2519.000000 9078490882372749270
2151.000000 8126301036571793614
1536.000000 2658190861640656464
3031.000000 1390404566080564057
107375176.000000 2997981160431838857
1265.000000 1142485253982994653
2454.000000 4889387108179614140
1391.000000 9862886550617835480
2278.000000 3278343261288291403
2014.000000 2822155496891565162
2136.000000 1244426938102590419
1036.000000 4220683562713645401
2083.000000 5463006746028693914
2939.000000 6091243186021536815
1658.000000 1030784153706328712
3263.000000 6979929253481291942
423.000000 1992767274296550406
54.000000 3399804259164398298
973.000000 2400965127016085229
